partiesfile version 1
341 341
 1 0 0 p_main_party Main_Party 1048576 0 0 14 0 0 0 0 0 17.000000 52.500000 17.000000 52.500000 17.000000 52.500000 0.0 1 0 1 0 0 
0.000000
 1 1 1 p_temp_party {!}temp_party 256 0 0 1 0 0 0 0 0 0.000000 0.000000 0.000000 0.000000 0.000000 0.000000 0.0 0 
0.000000
 1 2 2 p_camp_bandits {!}camp_bandits 256 0 0 2 0 0 0 0 0 1.000000 1.000000 1.000000 1.000000 1.000000 1.000000 0.0 1 3 3 0 0 
0.000000
 1 3 3 p_temp_party_autobattle_player {!}temp_party_autobattle 256 0 0 1 0 0 0 0 0 0.000000 0.000000 0.000000 0.000000 0.000000 0.000000 0.0 0 
0.000000
 1 4 4 p_temp_party_autobattle_ally {!}temp_party_autobattle 256 0 0 1 0 0 0 0 0 0.000000 0.000000 0.000000 0.000000 0.000000 0.000000 0.0 0 
0.000000
 1 5 5 p_temp_party_autobattle_enemy {!}temp_party_autobattle 256 0 0 1 0 0 0 0 0 0.000000 0.000000 0.000000 0.000000 0.000000 0.000000 0.0 0 
0.000000
 1 6 6 p_temp_party_2 {!}temp_party_2 256 0 0 1 0 0 0 0 0 0.000000 0.000000 0.000000 0.000000 0.000000 0.000000 0.0 0 
0.000000
 1 7 7 p_temp_casualties {!}casualties 256 0 0 3 0 0 0 0 0 1.000000 1.000000 1.000000 1.000000 1.000000 1.000000 0.0 0 
0.000000
 1 8 8 p_temp_casualties_2 {!}casualties 256 0 0 3 0 0 0 0 0 1.000000 1.000000 1.000000 1.000000 1.000000 1.000000 0.0 0 
0.000000
 1 9 9 p_temp_casualties_3 {!}casualties 256 0 0 3 0 0 0 0 0 1.000000 1.000000 1.000000 1.000000 1.000000 1.000000 0.0 0 
0.000000
 1 10 10 p_temp_wounded {!}enemies_wounded 256 0 0 3 0 0 0 0 0 1.000000 1.000000 1.000000 1.000000 1.000000 1.000000 0.0 0 
0.000000
 1 11 11 p_temp_killed {!}enemies_killed 256 0 0 3 0 0 0 0 0 1.000000 1.000000 1.000000 1.000000 1.000000 1.000000 0.0 0 
0.000000
 1 12 12 p_main_party_backup {!}_ 256 0 0 3 0 0 0 0 0 1.000000 1.000000 1.000000 1.000000 1.000000 1.000000 0.0 0 
0.000000
 1 13 13 p_encountered_party_backup {!}_ 256 0 0 3 0 0 0 0 0 1.000000 1.000000 1.000000 1.000000 1.000000 1.000000 0.0 0 
0.000000
 1 14 14 p_collective_friends_backup {!}_ 256 0 0 3 0 0 0 0 0 1.000000 1.000000 1.000000 1.000000 1.000000 1.000000 0.0 0 
0.000000
 1 15 15 p_player_casualties {!}_ 256 0 0 3 0 0 0 0 0 1.000000 1.000000 1.000000 1.000000 1.000000 1.000000 0.0 0 
0.000000
 1 16 16 p_enemy_casualties {!}_ 256 0 0 3 0 0 0 0 0 1.000000 1.000000 1.000000 1.000000 1.000000 1.000000 0.0 0 
0.000000
 1 17 17 p_ally_casualties {!}_ 256 0 0 3 0 0 0 0 0 1.000000 1.000000 1.000000 1.000000 1.000000 1.000000 0.0 0 
0.000000
 1 18 18 p_collective_enemy {!}collective_enemy 256 0 0 3 0 0 0 0 0 1.000000 1.000000 1.000000 1.000000 1.000000 1.000000 0.0 0 
0.000000
 1 19 19 p_collective_ally {!}collective_ally 256 0 0 3 0 0 0 0 0 1.000000 1.000000 1.000000 1.000000 1.000000 1.000000 0.0 0 
0.000000
 1 20 20 p_collective_friends {!}collective_ally 256 0 0 3 0 0 0 0 0 1.000000 1.000000 1.000000 1.000000 1.000000 1.000000 0.0 0 
0.000000
 1 21 21 p_total_enemy_casualties {!}_ 256 0 0 3 0 0 0 0 0 1.000000 1.000000 1.000000 1.000000 1.000000 1.000000 0.0 0 
0.000000
 1 22 22 p_routed_enemies {!}routed_enemies 256 0 0 3 0 0 0 0 0 1.000000 1.000000 1.000000 1.000000 1.000000 1.000000 0.0 0 
0.000000
 1 23 23 p_zendar Zendar 2114828 0 0 3 0 0 0 0 0 18.000000 60.000000 18.000000 60.000000 18.000000 60.000000 0.0 0 
0.000000
 1 24 24 p_town_1 Winterhold 4219916 0 0 16 0 0 0 0 0 -180.940000 -234.860000 -180.940000 -234.860000 -180.940000 -234.860000 0.0 0 
0.000000
 1 25 25 p_town_2 Icehaven 4219916 0 0 16 0 0 0 0 0 -40.650000 -260.210000 -40.650000 -260.210000 -40.650000 -260.210000 0.0 0 
0.000000
 1 26 26 p_town_3 Helgard 4219916 0 0 16 0 0 0 0 0 -27.420000 -142.470000 -27.420000 -142.470000 -27.420000 -142.470000 0.0 0 
0.000000
 1 27 27 p_town_4 Northwatch 4219916 0 0 16 0 0 0 0 0 50.850000 -219.170000 50.850000 -219.170000 50.850000 -219.170000 0.0 0 
0.000000
 1 28 28 p_town_5 Frostpeak 4219916 0 0 16 0 0 0 0 0 -139.930000 -183.450000 -139.930000 -183.450000 -139.930000 -183.450000 0.0 0 
0.000000
 1 29 29 p_town_6 Merchant's_Bay 4219916 0 0 17 0 0 0 0 0 -179.580000 -15.280000 -179.580000 -15.280000 -179.580000 -15.280000 0.0 0 
0.000000
 1 30 30 p_town_7 Goldbee 4219916 0 0 17 0 0 0 0 0 -22.650000 -65.350000 -22.650000 -65.350000 -22.650000 -65.350000 0.0 0 
0.000000
 1 31 31 p_town_8 Caravanserai 4219916 0 0 17 0 0 0 0 0 -145.780000 -85.330000 -145.780000 -85.330000 -145.780000 -85.330000 0.0 0 
0.000000
 1 32 32 p_town_9 Welsburg 4219916 0 0 17 0 0 0 0 0 -116.810000 12.450000 -116.810000 12.450000 -116.810000 12.450000 0.0 0 
0.000000
 1 33 33 p_town_10 Coinstead 4219916 0 0 17 0 0 0 0 0 -75.980000 -30.210000 -75.980000 -30.210000 -75.980000 -30.210000 0.0 0 
0.000000
 1 34 34 p_town_11 Obsidian_Citadel 4219916 0 0 18 0 0 0 0 0 -145.240000 63.060000 -145.240000 63.060000 -145.240000 63.060000 0.0 0 
0.000000
 1 35 35 p_town_12 Shadow_Cage 4219916 0 0 18 0 0 0 0 0 -131.630000 113.600000 -131.630000 113.600000 -131.630000 113.600000 0.0 0 
0.000000
 1 36 36 p_town_13 Voidspire 4219916 0 0 18 0 0 0 0 0 -80.350000 38.790000 -80.350000 38.790000 -80.350000 38.790000 0.0 0 
0.000000
 1 37 37 p_town_14 Jafar-Abad 4219916 0 0 19 0 0 0 0 0 51.610000 233.150000 51.610000 233.150000 51.610000 233.150000 0.0 0 
0.000000
 1 38 38 p_town_15 Mirage 4219916 0 0 19 0 0 0 0 0 26.350000 132.470000 26.350000 132.470000 26.350000 132.470000 0.0 0 
0.000000
 1 39 39 p_town_16 Whispersands 4219916 0 0 19 0 0 0 0 0 -63.540000 139.750000 -63.540000 139.750000 -63.540000 139.750000 0.0 0 
0.000000
 1 40 40 p_town_17 Sahar-Dun 4219916 0 0 19 0 0 0 0 0 -100.840000 235.610000 -100.840000 235.610000 -100.840000 235.610000 0.0 0 
0.000000
 1 41 41 p_town_18 Ashkai 4219916 0 0 19 0 0 0 0 0 8.630000 215.740000 8.630000 215.740000 8.630000 215.740000 0.0 0 
0.000000
 1 42 42 p_town_19 Sanctum 4219916 0 0 20 0 0 0 0 0 154.930000 144.660000 154.930000 144.660000 154.930000 144.660000 0.0 0 
0.000000
 1 43 43 p_town_20 Oldtown 4219916 0 0 20 0 0 0 0 0 148.070000 81.020000 148.070000 81.020000 148.070000 81.020000 0.0 0 
0.000000
 1 44 44 p_town_21 Moonport 4219916 0 0 20 0 0 0 0 0 204.500000 134.090000 204.500000 134.090000 204.500000 134.090000 0.0 0 
0.000000
 1 45 45 p_town_22 Bronzegate 4219916 0 0 20 0 0 0 0 0 51.050000 90.340000 51.050000 90.340000 51.050000 90.340000 0.0 0 
0.000000
 1 46 46 p_town_23 Eir-Glen 4219916 0 0 21 0 0 0 0 0 126.580000 -146.870000 126.580000 -146.870000 126.580000 -146.870000 0.0 0 
0.000000
 1 47 47 p_town_24 Mosscliff 4219916 0 0 21 0 0 0 0 0 168.480000 -73.380000 168.480000 -73.380000 168.480000 -73.380000 0.0 0 
0.000000
 1 48 48 p_town_25 Eldergrove 4219916 0 0 21 0 0 0 0 0 60.490000 -114.790000 60.490000 -114.790000 60.490000 -114.790000 0.0 0 
0.000000
 1 49 49 p_town_26 Highmist 4219916 0 0 21 0 0 0 0 0 180.820000 -173.490000 180.820000 -173.490000 180.820000 -173.490000 0.0 0 
0.000000
 1 50 50 p_town_27 Asteria 4219916 0 0 22 0 0 0 0 0 12.540000 23.290000 12.540000 23.290000 12.540000 23.290000 0.0 0 
0.000000
 1 51 51 p_town_28 Sunreach 4219916 0 0 22 0 0 0 0 0 168.280000 -15.090000 168.280000 -15.090000 168.280000 -15.090000 0.0 0 
0.000000
 1 52 52 p_town_29 Silverpeak 4219916 0 0 22 0 0 0 0 0 49.940000 -25.540000 49.940000 -25.540000 49.940000 -25.540000 0.0 0 
0.000000
 1 53 53 p_town_30 Argenthold 4219916 0 0 22 0 0 0 0 0 8.600000 80.090000 8.600000 80.090000 8.600000 80.090000 0.0 0 
0.000000
 1 54 54 p_town_31 Saltcliffe 4219916 0 0 22 0 0 0 0 0 80.090000 43.410000 80.090000 43.410000 80.090000 43.410000 0.0 0 
0.000000
 1 55 55 p_castle_1 The_Twins 4215839 0 0 16 0 0 0 0 0 -125.670000 -202.460000 -125.670000 -202.460000 -125.670000 -202.460000 0.0 0 
0.000000
 1 56 56 p_castle_2 Torrhen's_Square 4215838 0 0 16 0 0 0 0 0 -131.420000 -225.190000 -131.420000 -225.190000 -131.420000 -225.190000 0.0 0 
0.000000
 1 57 57 p_castle_3 Last_Hearth 4215840 0 0 16 0 0 0 0 0 -116.820000 -256.340000 -116.820000 -256.340000 -116.820000 -256.340000 0.0 0 
0.000000
 1 58 58 p_castle_4 Deepwood_Motte 4215839 0 0 16 0 0 0 0 0 -58.110000 -197.080000 -58.110000 -197.080000 -58.110000 -197.080000 0.0 0 
0.000000
 1 59 59 p_castle_5 Dreadfort 4215838 0 0 16 0 0 0 0 0 -89.280000 -221.830000 -89.280000 -221.830000 -89.280000 -221.830000 0.0 0 
0.000000
 1 60 60 p_castle_6 Moat_Cailin 4215840 0 0 16 0 0 0 0 0 -29.950000 -283.050000 -29.950000 -283.050000 -29.950000 -283.050000 0.0 0 
0.000000
 1 61 61 p_castle_7 Hammerhorn 4215839 0 0 16 0 0 0 0 0 -65.060000 -245.470000 -65.060000 -245.470000 -65.060000 -245.470000 0.0 0 
0.000000
 1 62 62 p_castle_51 Blackstone_Keep 4215838 0 0 22 0 0 0 0 0 -87.710000 -200.570000 -87.710000 -200.570000 -87.710000 -200.570000 0.0 0 
0.000000
 1 63 63 p_castle_8 Starfall 4215838 0 0 17 0 0 0 0 0 -154.120000 15.850000 -154.120000 15.850000 -154.120000 15.850000 0.0 0 
0.000000
 1 64 64 p_castle_9 Casterly_Rock 4215840 0 0 17 0 0 0 0 0 -133.320000 -39.090000 -133.320000 -39.090000 -133.320000 -39.090000 0.0 0 
0.000000
 1 65 65 p_castle_10 Riverrun 4215839 0 0 17 0 0 0 0 0 -99.190000 -56.060000 -99.190000 -56.060000 -99.190000 -56.060000 0.0 0 
0.000000
 1 66 66 p_castle_11 Brightwater_Keep 4215838 0 0 17 0 0 0 0 0 -48.570000 23.880000 -48.570000 23.880000 -48.570000 23.880000 0.0 0 
0.000000
 1 67 67 p_castle_12 Pinkmaiden 4215840 0 0 17 0 0 0 0 0 -43.940000 -84.720000 -43.940000 -84.720000 -43.940000 -84.720000 0.0 0 
0.000000
 1 68 68 p_castle_13 Atranta 4215839 0 0 17 0 0 0 0 0 -41.210000 -39.230000 -41.210000 -39.230000 -41.210000 -39.230000 0.0 0 
0.000000
 1 69 69 p_castle_14 Godsgrace 4215838 0 0 17 0 0 0 0 0 -162.170000 -49.080000 -162.170000 -49.080000 -162.170000 -49.080000 0.0 0 
0.000000
 1 70 70 p_castle_15 Pyke 4215840 0 0 18 0 0 0 0 0 -162.820000 103.670000 -162.820000 103.670000 -162.820000 103.670000 0.0 0 
0.000000
 1 71 71 p_castle_16 Sandstone 4215839 0 0 18 0 0 0 0 0 -103.070000 121.060000 -103.070000 121.060000 -103.070000 121.060000 0.0 0 
0.000000
 1 72 72 p_castle_17 Cider_Hall 4215838 0 0 18 0 0 0 0 0 -70.820000 99.200000 -70.820000 99.200000 -70.820000 99.200000 0.0 0 
0.000000
 1 73 73 p_castle_18 Claw_Isle 4215840 0 0 18 0 0 0 0 0 -86.000000 72.370000 -86.000000 72.370000 -86.000000 72.370000 0.0 0 
0.000000
 1 74 74 p_castle_19 Runestone 4215839 0 0 18 0 0 0 0 0 -50.640000 54.900000 -50.640000 54.900000 -50.640000 54.900000 0.0 0 
0.000000
 1 75 75 p_castle_20 Evenfall_Hall 4215838 0 0 18 0 0 0 0 0 -42.690000 74.610000 -42.690000 74.610000 -42.690000 74.610000 0.0 0 
0.000000
 1 76 76 p_castle_21 Deep_Den 4215840 0 0 18 0 0 0 0 0 -122.750000 48.860000 -122.750000 48.860000 -122.750000 48.860000 0.0 0 
0.000000
 1 77 77 p_castle_53 Ironhold 4215838 0 0 22 0 0 0 0 0 -97.810000 96.540000 -97.810000 96.540000 -97.810000 96.540000 0.0 0 
0.000000
 1 78 78 p_castle_22 Coldwater_Burn 4215839 0 0 19 0 0 0 0 0 45.640000 180.650000 45.640000 180.650000 45.640000 180.650000 0.0 0 
0.000000
 1 79 79 p_castle_23 Crakehell 4215838 0 0 19 0 0 0 0 0 -22.030000 126.050000 -22.030000 126.050000 -22.030000 126.050000 0.0 0 
0.000000
 1 80 80 p_castle_24 Tarth_Keep 4215840 0 0 19 0 0 0 0 0 -34.860000 186.400000 -34.860000 186.400000 -34.860000 186.400000 0.0 0 
0.000000
 1 81 81 p_castle_25 Driftmark 4215839 0 0 19 0 0 0 0 0 -9.190000 175.760000 -9.190000 175.760000 -9.190000 175.760000 0.0 0 
0.000000
 1 82 82 p_castle_26 Harrenhal 4215838 0 0 19 0 0 0 0 0 -123.480000 242.930000 -123.480000 242.930000 -123.480000 242.930000 0.0 0 
0.000000
 1 83 83 p_castle_27 Antlers 4215840 0 0 19 0 0 0 0 0 -84.040000 160.940000 -84.040000 160.940000 -84.040000 160.940000 0.0 0 
0.000000
 1 84 84 p_castle_28 Kayce_Keep 4215839 0 0 19 0 0 0 0 0 92.110000 220.430000 92.110000 220.430000 92.110000 220.430000 0.0 0 
0.000000
 1 85 85 p_castle_52 Ravenwatch 4215838 0 0 22 0 0 0 0 0 -70.500000 260.810000 -70.500000 260.810000 -70.500000 260.810000 0.0 0 
0.000000
 1 86 86 p_castle_29 Yronwood 4215838 0 0 20 0 0 0 0 0 110.630000 139.800000 110.630000 139.800000 110.630000 139.800000 0.0 0 
0.000000
 1 87 87 p_castle_30 Strongsong 4215840 0 0 20 0 0 0 0 0 104.880000 91.920000 104.880000 91.920000 104.880000 91.920000 0.0 0 
0.000000
 1 88 88 p_castle_31 Rain_House 4215839 0 0 20 0 0 0 0 0 124.070000 65.940000 124.070000 65.940000 124.070000 65.940000 0.0 0 
0.000000
 1 89 89 p_castle_32 Hornvale 4215838 0 0 20 0 0 0 0 0 66.570000 58.480000 66.570000 58.480000 66.570000 58.480000 0.0 0 
0.000000
 1 90 90 p_castle_33 Sea_Dragon_Cove 4215840 0 0 20 0 0 0 0 0 67.110000 117.810000 67.110000 117.810000 67.110000 117.810000 0.0 0 
0.000000
 1 91 91 p_castle_34 Dragonstone 4215839 0 0 20 0 0 0 0 0 100.160000 75.100000 100.160000 75.100000 100.160000 75.100000 0.0 0 
0.000000
 1 92 92 p_castle_35 Stonehelm 4215838 0 0 20 0 0 0 0 0 120.700000 38.650000 120.700000 38.650000 120.700000 38.650000 0.0 0 
0.000000
 1 93 93 p_castle_36 Trident_Ford 4215840 0 0 21 0 0 0 0 0 149.360000 -170.340000 149.360000 -170.340000 149.360000 -170.340000 0.0 0 
0.000000
 1 94 94 p_castle_37 Stormlands_Watch 4215839 0 0 21 0 0 0 0 0 125.260000 -183.930000 125.260000 -183.930000 125.260000 -183.930000 0.0 0 
0.000000
 1 95 95 p_castle_38 Harlaw_Hall 4215838 0 0 21 0 0 0 0 0 171.400000 -141.100000 171.400000 -141.100000 171.400000 -141.100000 0.0 0 
0.000000
 1 96 96 p_castle_39 Karhold 4215840 0 0 21 0 0 0 0 0 107.860000 -129.750000 107.860000 -129.750000 107.860000 -129.750000 0.0 0 
0.000000
 1 97 97 p_castle_40 The_Eyrie 4215839 0 0 21 0 0 0 0 0 91.300000 -151.630000 91.300000 -151.630000 91.300000 -151.630000 0.0 0 
0.000000
 1 98 98 p_castle_41 Grey_Garden 4215838 0 0 21 0 0 0 0 0 136.640000 -118.490000 136.640000 -118.490000 136.640000 -118.490000 0.0 0 
0.000000
 1 99 99 p_castle_42 Ironoaks 4215840 0 0 21 0 0 0 0 0 84.260000 -113.480000 84.260000 -113.480000 84.260000 -113.480000 0.0 0 
0.000000
 1 100 100 p_castle_43 Longbow_Hall 4215839 0 0 22 0 0 0 0 0 -25.910000 100.070000 -25.910000 100.070000 -25.910000 100.070000 0.0 0 
0.000000
 1 101 101 p_castle_44 Redfort 4215838 0 0 22 0 0 0 0 0 52.150000 24.650000 52.150000 24.650000 52.150000 24.650000 0.0 0 
0.000000
 1 102 102 p_castle_45 Long_Lake_Fort 4215840 0 0 22 0 0 0 0 0 108.410000 -37.930000 108.410000 -37.930000 108.410000 -37.930000 0.0 0 
0.000000
 1 103 103 p_castle_46 Ninestars 4215839 0 0 22 0 0 0 0 0 119.080000 -8.740000 119.080000 -8.740000 119.080000 -8.740000 0.0 0 
0.000000
 1 104 104 p_castle_47 Sharp_Point 4215838 0 0 22 0 0 0 0 0 139.640000 -46.610000 139.640000 -46.610000 139.640000 -46.610000 0.0 0 
0.000000
 1 105 105 p_castle_48 Hornwood 4215840 0 0 22 0 0 0 0 0 25.110000 53.560000 25.110000 53.560000 25.110000 53.560000 0.0 0 
0.000000
 1 106 106 p_castle_49 Bear_Island_Keep 4215839 0 0 22 0 0 0 0 0 90.260000 2.670000 90.260000 2.670000 90.260000 2.670000 0.0 0 
0.000000
 1 107 107 p_castle_50 Rook's_Rest 4215838 0 0 22 0 0 0 0 0 76.810000 -54.610000 76.810000 -54.610000 76.810000 -54.610000 0.0 0 
0.000000
 1 108 108 p_village_1 Tumbleton 2114575 0 0 3 0 0 0 0 0 -125.840000 -229.240000 -125.840000 -229.240000 -125.840000 -229.240000 0.0 0 
0.000000
 1 109 109 p_village_2 Brindlewood 2114575 0 0 3 0 0 0 0 0 -136.460000 -235.040000 -136.460000 -235.040000 -136.460000 -235.040000 0.0 0 
0.000000
 1 110 110 p_village_3 Nightfort_Ruins 2114575 0 0 3 0 0 0 0 0 -121.480000 -263.540000 -121.480000 -263.540000 -121.480000 -263.540000 0.0 0 
0.000000
 1 111 111 p_village_4 Pebble_Shore 2114575 0 0 3 0 0 0 0 0 -108.440000 -253.730000 -108.440000 -253.730000 -108.440000 -253.730000 0.0 0 
0.000000
 1 112 112 p_village_5 Hornwood_Village 2114575 0 0 3 0 0 0 0 0 -93.470000 -204.870000 -93.470000 -204.870000 -93.470000 -204.870000 0.0 0 
0.000000
 1 113 113 p_village_6 Sow's_Horn 2114575 0 0 3 0 0 0 0 0 -92.330000 -190.030000 -92.330000 -190.030000 -92.330000 -190.030000 0.0 0 
0.000000
 1 114 114 p_village_7 Westerridge 2114575 0 0 3 0 0 0 0 0 -118.300000 -208.960000 -118.300000 -208.960000 -118.300000 -208.960000 0.0 0 
0.000000
 1 115 115 p_village_51 Ice_River 2114575 0 0 3 0 0 0 0 0 -122.290000 -196.760000 -122.290000 -196.760000 -122.290000 -196.760000 0.0 0 
0.000000
 1 116 116 p_village_52 White_Knife 2114575 0 0 3 0 0 0 0 0 -59.660000 -239.220000 -59.660000 -239.220000 -59.660000 -239.220000 0.0 0 
0.000000
 1 117 117 p_village_53 Blackpool 2114575 0 0 3 0 0 0 0 0 -77.270000 -218.720000 -77.270000 -218.720000 -77.270000 -218.720000 0.0 0 
0.000000
 1 118 118 p_village_54 Orkmont 2114575 0 0 3 0 0 0 0 0 -22.740000 -289.890000 -22.740000 -289.890000 -22.740000 -289.890000 0.0 0 
0.000000
 1 119 119 p_village_55 Sealskin 2114575 0 0 3 0 0 0 0 0 -10.700000 -284.150000 -10.700000 -284.150000 -10.700000 -284.150000 0.0 0 
0.000000
 1 120 120 p_village_56 Longboat_Point 2114575 0 0 3 0 0 0 0 0 -58.970000 -187.820000 -58.970000 -187.820000 -58.970000 -187.820000 0.0 0 
0.000000
 1 121 121 p_village_57 Driftwood 2114575 0 0 3 0 0 0 0 0 -37.580000 -191.670000 -37.580000 -191.670000 -37.580000 -191.670000 0.0 0 
0.000000
 1 122 122 p_village_58 Old_Wyk 2114575 0 0 3 0 0 0 0 0 3.130000 -156.470000 3.130000 -156.470000 3.130000 -156.470000 0.0 0 
0.000000
 1 123 123 p_village_8 Wickenden 2114575 0 0 3 0 0 0 0 0 -124.520000 -49.400000 -124.520000 -49.400000 -124.520000 -49.400000 0.0 0 
0.000000
 1 124 124 p_village_9 Blackhaven 2114575 0 0 3 0 0 0 0 0 -139.090000 12.660000 -139.090000 12.660000 -139.090000 12.660000 0.0 0 
0.000000
 1 125 125 p_village_10 Highpath 2114575 0 0 3 0 0 0 0 0 -159.310000 -56.440000 -159.310000 -56.440000 -159.310000 -56.440000 0.0 0 
0.000000
 1 126 126 p_village_11 Harlaw_Port 2114575 0 0 3 0 0 0 0 0 -157.740000 -63.320000 -157.740000 -63.320000 -157.740000 -63.320000 0.0 0 
0.000000
 1 127 127 p_village_12 Felwood 2114575 0 0 3 0 0 0 0 0 -93.740000 -62.230000 -93.740000 -62.230000 -93.740000 -62.230000 0.0 0 
0.000000
 1 128 128 p_village_13 Windridge 2114575 0 0 3 0 0 0 0 0 -151.870000 6.070000 -151.870000 6.070000 -151.870000 6.070000 0.0 0 
0.000000
 1 129 129 p_village_14 Bloodorange_Grove 2114575 0 0 3 0 0 0 0 0 -84.380000 -61.110000 -84.380000 -61.110000 -84.380000 -61.110000 0.0 0 
0.000000
 1 130 130 p_village_59 Wreckage_Bay 2114575 0 0 3 0 0 0 0 0 -33.870000 -29.410000 -33.870000 -29.410000 -33.870000 -29.410000 0.0 0 
0.000000
 1 131 131 p_village_60 Wavebreaker 2114575 0 0 3 0 0 0 0 0 -47.200000 -44.430000 -47.200000 -44.430000 -47.200000 -44.430000 0.0 0 
0.000000
 1 132 132 p_village_61 Thresher's_Rest 2114575 0 0 3 0 0 0 0 0 -51.690000 25.850000 -51.690000 25.850000 -51.690000 25.850000 0.0 0 
0.000000
 1 133 133 p_village_62 Queenscrown 2114575 0 0 3 0 0 0 0 0 -62.460000 13.420000 -62.460000 13.420000 -62.460000 13.420000 0.0 0 
0.000000
 1 134 134 p_village_63 Mole's_Town 2114575 0 0 3 0 0 0 0 0 -35.510000 -91.340000 -35.510000 -91.340000 -35.510000 -91.340000 0.0 0 
0.000000
 1 135 135 p_village_64 Castle_Cerwyn 2114575 0 0 3 0 0 0 0 0 -51.770000 -87.350000 -51.770000 -87.350000 -51.770000 -87.350000 0.0 0 
0.000000
 1 136 136 p_village_65 Greenstone 2114575 0 0 3 0 0 0 0 0 -111.340000 -30.210000 -111.340000 -30.210000 -111.340000 -30.210000 0.0 0 
0.000000
 1 137 137 p_village_15 Castamere_Ruins 2114575 0 0 3 0 0 0 0 0 -120.630000 58.180000 -120.630000 58.180000 -120.630000 58.180000 0.0 0 
0.000000
 1 138 138 p_village_16 Blackwood_Grove 2114575 0 0 3 0 0 0 0 0 -114.810000 50.380000 -114.810000 50.380000 -114.810000 50.380000 0.0 0 
0.000000
 1 139 139 p_village_17 Plowman's_Rest 2114575 0 0 3 0 0 0 0 0 -158.650000 97.680000 -158.650000 97.680000 -158.650000 97.680000 0.0 0 
0.000000
 1 140 140 p_village_18 Drake's_Landing 2114575 0 0 3 0 0 0 0 0 -154.670000 104.520000 -154.670000 104.520000 -154.670000 104.520000 0.0 0 
0.000000
 1 141 141 p_village_19 Tarbeck 2114575 0 0 3 0 0 0 0 0 -86.790000 79.940000 -86.790000 79.940000 -86.790000 79.940000 0.0 0 
0.000000
 1 142 142 p_village_20 Skyreach 2114575 0 0 3 0 0 0 0 0 -85.900000 63.780000 -85.900000 63.780000 -85.900000 63.780000 0.0 0 
0.000000
 1 143 143 p_village_21 Bitterbridge 2114575 0 0 3 0 0 0 0 0 -85.900000 63.780000 -85.900000 63.780000 -85.900000 63.780000 0.0 0 
0.000000
 1 144 144 p_village_66 Red_Watch 2114575 0 0 3 0 0 0 0 0 -60.800000 96.730000 -60.800000 96.730000 -60.800000 96.730000 0.0 0 
0.000000
 1 145 145 p_village_67 Ironshore 2114575 0 0 3 0 0 0 0 0 -71.100000 113.970000 -71.100000 113.970000 -71.100000 113.970000 0.0 0 
0.000000
 1 146 146 p_village_68 Baratheon's_Ford 2114575 0 0 3 0 0 0 0 0 -100.700000 114.940000 -100.700000 114.940000 -100.700000 114.940000 0.0 0 
0.000000
 1 147 147 p_village_69 Three_Towers 2114575 0 0 3 0 0 0 0 0 -92.810000 121.360000 -92.810000 121.360000 -92.810000 121.360000 0.0 0 
0.000000
 1 148 148 p_village_70 Fossoway_Village 2114575 0 0 3 0 0 0 0 0 -52.540000 47.910000 -52.540000 47.910000 -52.540000 47.910000 0.0 0 
0.000000
 1 149 149 p_village_71 Honeyholt 2114575 0 0 3 0 0 0 0 0 -52.080000 65.740000 -52.080000 65.740000 -52.080000 65.740000 0.0 0 
0.000000
 1 150 150 p_village_72 Stone_Door 2114575 0 0 3 0 0 0 0 0 -22.300000 65.680000 -22.300000 65.680000 -22.300000 65.680000 0.0 0 
0.000000
 1 151 151 p_village_73 Arryn_Vale 2114575 0 0 3 0 0 0 0 0 -93.060000 101.080000 -93.060000 101.080000 -93.060000 101.080000 0.0 0 
0.000000
 1 152 152 p_village_22 Reedmarsh 2114575 0 0 3 0 0 0 0 0 39.310000 162.860000 39.310000 162.860000 39.310000 162.860000 0.0 0 
0.000000
 1 153 153 p_village_23 Brackenford 2114575 0 0 3 0 0 0 0 0 62.620000 178.580000 62.620000 178.580000 62.620000 178.580000 0.0 0 
0.000000
 1 154 154 p_village_24 Rainwood 2114575 0 0 3 0 0 0 0 0 89.890000 210.830000 89.890000 210.830000 89.890000 210.830000 0.0 0 
0.000000
 1 155 155 p_village_25 Saltstone 2114575 0 0 3 0 0 0 0 0 86.430000 201.830000 86.430000 201.830000 86.430000 201.830000 0.0 0 
0.000000
 1 156 156 p_village_26 Parchfield 2114575 0 0 3 0 0 0 0 0 -65.720000 252.500000 -65.720000 252.500000 -65.720000 252.500000 0.0 0 
0.000000
 1 157 157 p_village_27 Blue_Fork 2114575 0 0 3 0 0 0 0 0 -55.590000 259.360000 -55.590000 259.360000 -55.590000 259.360000 0.0 0 
0.000000
 1 158 158 p_village_28 Moon's_Brook 2114575 0 0 3 0 0 0 0 0 -120.400000 220.750000 -120.400000 220.750000 -120.400000 220.750000 0.0 0 
0.000000
 1 159 159 p_village_74 Longvalley 2114575 0 0 3 0 0 0 0 0 -152.560000 240.700000 -152.560000 240.700000 -152.560000 240.700000 0.0 0 
0.000000
 1 160 160 p_village_75 Horn_Hill 2114575 0 0 3 0 0 0 0 0 -71.400000 173.290000 -71.400000 173.290000 -71.400000 173.290000 0.0 0 
0.000000
 1 161 161 p_village_76 Mallister's_Landing 2114575 0 0 3 0 0 0 0 0 -89.490000 174.910000 -89.490000 174.910000 -89.490000 174.910000 0.0 0 
0.000000
 1 162 162 p_village_77 Harren's_Town 2114575 0 0 3 0 0 0 0 0 -12.050000 141.900000 -12.050000 141.900000 -12.050000 141.900000 0.0 0 
0.000000
 1 163 163 p_village_78 Trident_Village 2114575 0 0 3 0 0 0 0 0 -32.160000 126.300000 -32.160000 126.300000 -32.160000 126.300000 0.0 0 
0.000000
 1 164 164 p_village_79 Green_Fork 2114575 0 0 3 0 0 0 0 0 -51.660000 183.350000 -51.660000 183.350000 -51.660000 183.350000 0.0 0 
0.000000
 1 165 165 p_village_80 Falcon's_Brook 2114575 0 0 3 0 0 0 0 0 -33.240000 170.000000 -33.240000 170.000000 -33.240000 170.000000 0.0 0 
0.000000
 1 166 166 p_village_81 Oldstones 2114575 0 0 3 0 0 0 0 0 203.950000 142.650000 203.950000 142.650000 203.950000 142.650000 0.0 0 
0.000000
 1 167 167 p_village_29 Darry 2114575 0 0 3 0 0 0 0 0 133.050000 112.830000 133.050000 112.830000 133.050000 112.830000 0.0 0 
0.000000
 1 168 168 p_village_30 Great_Wyk_Village 2114575 0 0 3 0 0 0 0 0 139.420000 117.850000 139.420000 117.850000 139.420000 117.850000 0.0 0 
0.000000
 1 169 169 p_village_31 Squiddly 2114575 0 0 3 0 0 0 0 0 102.660000 98.310000 102.660000 98.310000 102.660000 98.310000 0.0 0 
0.000000
 1 170 170 p_village_32 Cracklaw_Point 2114575 0 0 3 0 0 0 0 0 102.190000 102.580000 102.190000 102.580000 102.190000 102.580000 0.0 0 
0.000000
 1 171 171 p_village_33 Saltpans 2114575 0 0 3 0 0 0 0 0 116.500000 146.150000 116.500000 146.150000 116.500000 146.150000 0.0 0 
0.000000
 1 172 172 p_village_34 Paynesford 2114575 0 0 3 0 0 0 0 0 92.650000 136.840000 92.650000 136.840000 92.650000 136.840000 0.0 0 
0.000000
 1 173 173 p_village_35 Clawford 2114575 0 0 3 0 0 0 0 0 61.610000 117.310000 61.610000 117.310000 61.610000 117.310000 0.0 0 
0.000000
 1 174 174 p_village_82 Stone_Mill 2114575 0 0 3 0 0 0 0 0 194.620000 142.440000 194.620000 142.440000 194.620000 142.440000 0.0 0 
0.000000
 1 175 175 p_village_83 Frey's_Crossing 2114575 0 0 3 0 0 0 0 0 62.950000 64.410000 62.950000 64.410000 62.950000 64.410000 0.0 0 
0.000000
 1 176 176 p_village_84 Blackwater_Rush 2114575 0 0 3 0 0 0 0 0 73.400000 58.230000 73.400000 58.230000 73.400000 58.230000 0.0 0 
0.000000
 1 177 177 p_village_85 Targaryen's_Ford 2114575 0 0 3 0 0 0 0 0 124.290000 71.700000 124.290000 71.700000 124.290000 71.700000 0.0 0 
0.000000
 1 178 178 p_village_86 Summerhall_Ashes 2114575 0 0 3 0 0 0 0 0 122.340000 80.930000 122.340000 80.930000 122.340000 80.930000 0.0 0 
0.000000
 1 179 179 p_village_87 Bywater 2114575 0 0 3 0 0 0 0 0 106.040000 28.290000 106.040000 28.290000 106.040000 28.290000 0.0 0 
0.000000
 1 180 180 p_village_88 Frosthollow 2114575 0 0 3 0 0 0 0 0 126.260000 30.900000 126.260000 30.900000 126.260000 30.900000 0.0 0 
0.000000
 1 181 181 p_village_36 Ramsgate 2114575 0 0 3 0 0 0 0 0 134.510000 -188.170000 134.510000 -188.170000 134.510000 -188.170000 0.0 0 
0.000000
 1 182 182 p_village_37 Rossfoss 2114575 0 0 3 0 0 0 0 0 119.750000 -170.200000 119.750000 -170.200000 119.750000 -170.200000 0.0 0 
0.000000
 1 183 183 p_village_38 Greenfield 2114575 0 0 3 0 0 0 0 0 179.120000 -129.760000 179.120000 -129.760000 179.120000 -129.760000 0.0 0 
0.000000
 1 184 184 p_village_39 Acorn_Hall 2114575 0 0 3 0 0 0 0 0 182.340000 -142.520000 182.340000 -142.520000 182.340000 -142.520000 0.0 0 
0.000000
 1 185 185 p_village_40 Lion's_Roost 2114575 0 0 3 0 0 0 0 0 83.740000 -106.040000 83.740000 -106.040000 83.740000 -106.040000 0.0 0 
0.000000
 1 186 186 p_village_41 Silverstream 2114575 0 0 3 0 0 0 0 0 76.180000 -105.250000 76.180000 -105.250000 76.180000 -105.250000 0.0 0 
0.000000
 1 187 187 p_village_42 Greywater 2114575 0 0 3 0 0 0 0 0 80.020000 -150.810000 80.020000 -150.810000 80.020000 -150.810000 0.0 0 
0.000000
 1 188 188 p_village_89 Summerhall_Ruins 2114575 0 0 3 0 0 0 0 0 83.710000 -141.780000 83.710000 -141.780000 83.710000 -141.780000 0.0 0 
0.000000
 1 189 189 p_village_90 Lemonwood 2114575 0 0 3 0 0 0 0 0 99.060000 -129.910000 99.060000 -129.910000 99.060000 -129.910000 0.0 0 
0.000000
 1 190 190 p_village_91 Dornish_March 2114575 0 0 3 0 0 0 0 0 108.170000 -146.260000 108.170000 -146.260000 108.170000 -146.260000 0.0 0 
0.000000
 1 191 191 p_village_92 Skyfall 2114575 0 0 3 0 0 0 0 0 150.500000 -176.000000 150.500000 -176.000000 150.500000 -176.000000 0.0 0 
0.000000
 1 192 192 p_village_43 Redbrook 2114575 0 0 3 0 0 0 0 0 -37.450000 89.120000 -37.450000 89.120000 -37.450000 89.120000 0.0 0 
0.000000
 1 193 193 p_village_44 Lann's_Hill 2114575 0 0 3 0 0 0 0 0 -17.350000 101.280000 -17.350000 101.280000 -17.350000 101.280000 0.0 0 
0.000000
 1 194 194 p_village_45 Darryford 2114575 0 0 3 0 0 0 0 0 22.640000 45.330000 22.640000 45.330000 22.640000 45.330000 0.0 0 
0.000000
 1 195 195 p_village_46 Brightwater 2114575 0 0 3 0 0 0 0 0 16.440000 55.650000 16.440000 55.650000 16.440000 55.650000 0.0 0 
0.000000
 1 196 196 p_village_47 Lannett 2114575 0 0 3 0 0 0 0 0 43.440000 35.980000 43.440000 35.980000 43.440000 35.980000 0.0 0 
0.000000
 1 197 197 p_village_48 Bloody_Gate 2114575 0 0 3 0 0 0 0 0 65.610000 24.210000 65.610000 24.210000 65.610000 24.210000 0.0 0 
0.000000
 1 198 198 p_village_49 Falcon's_Rest 2114575 0 0 3 0 0 0 0 0 91.260000 -6.250000 91.260000 -6.250000 91.260000 -6.250000 0.0 0 
0.000000
 1 199 199 p_village_50 Flint's_Finger 2114575 0 0 3 0 0 0 0 0 92.860000 13.920000 92.860000 13.920000 92.860000 13.920000 0.0 0 
0.000000
 1 200 200 p_village_93 Vaith 2114575 0 0 3 0 0 0 0 0 113.820000 -9.180000 113.820000 -9.180000 113.820000 -9.180000 0.0 0 
0.000000
 1 201 201 p_village_94 Red_Dunes 2114575 0 0 3 0 0 0 0 0 126.280000 -19.940000 126.280000 -19.940000 126.280000 -19.940000 0.0 0 
0.000000
 1 202 202 p_village_95 Water_Gardens 2114575 0 0 3 0 0 0 0 0 135.540000 -40.540000 135.540000 -40.540000 135.540000 -40.540000 0.0 0 
0.000000
 1 203 203 p_village_96 Kingswood_Edge 2114575 0 0 3 0 0 0 0 0 -65.530000 -43.030000 -65.530000 -43.030000 -65.530000 -43.030000 0.0 0 
0.000000
 1 204 204 p_village_97 Lightning's_Reach 2114575 0 0 3 0 0 0 0 0 -86.190000 -39.080000 -86.190000 -39.080000 -86.190000 -39.080000 0.0 0 
0.000000
 1 205 205 p_village_98 Connington 2114575 0 0 3 0 0 0 0 0 -75.420000 -14.600000 -75.420000 -14.600000 -75.420000 -14.600000 0.0 0 
0.000000
 1 206 206 p_village_99 Stormwatch 2114575 0 0 3 0 0 0 0 0 -50.900000 -14.660000 -50.900000 -14.660000 -50.900000 -14.660000 0.0 0 
0.000000
 1 207 207 p_village_100 Cape_Wrath 2114575 0 0 3 0 0 0 0 0 -83.460000 -0.620000 -83.460000 -0.620000 -83.460000 -0.620000 0.0 0 
0.000000
 1 208 208 p_village_101 Gods_Eye_Village 2114575 0 0 3 0 0 0 0 0 -105.340000 2.940000 -105.340000 2.940000 -105.340000 2.940000 0.0 0 
0.000000
 1 209 209 p_village_102 Sarsfield 2114575 0 0 3 0 0 0 0 0 -94.590000 -6.060000 -94.590000 -6.060000 -94.590000 -6.060000 0.0 0 
0.000000
 1 210 210 p_village_103 Red_Fork_Village 2114575 0 0 3 0 0 0 0 0 -124.730000 5.650000 -124.730000 5.650000 -124.730000 5.650000 0.0 0 
0.000000
 1 211 211 p_village_104 Raventree 2114575 0 0 3 0 0 0 0 0 -128.960000 15.830000 -128.960000 15.830000 -128.960000 15.830000 0.0 0 
0.000000
 1 212 212 p_village_105 Flea_Bottom 2114575 0 0 3 0 0 0 0 0 -139.270000 78.780000 -139.270000 78.780000 -139.270000 78.780000 0.0 0 
0.000000
 1 213 213 p_village_106 Wendwater 2114575 0 0 3 0 0 0 0 0 -147.540000 55.600000 -147.540000 55.600000 -147.540000 55.600000 0.0 0 
0.000000
 1 214 214 p_village_107 High_Hollow 2114575 0 0 3 0 0 0 0 0 -155.360000 71.940000 -155.360000 71.940000 -155.360000 71.940000 0.0 0 
0.000000
 1 215 215 p_village_108 Pendric 2114575 0 0 3 0 0 0 0 0 -158.370000 83.750000 -158.370000 83.750000 -158.370000 83.750000 0.0 0 
0.000000
 1 216 216 p_village_109 Tully's_Mill 2114575 0 0 3 0 0 0 0 0 57.960000 225.680000 57.960000 225.680000 57.960000 225.680000 0.0 0 
0.000000
 1 217 217 p_village_110 Weeping_Town 2114575 0 0 3 0 0 0 0 0 61.760000 202.520000 61.760000 202.520000 61.760000 202.520000 0.0 0 
0.000000
 1 218 218 p_village_111 Massey's_Hook 2114575 0 0 3 0 0 0 0 0 42.310000 200.370000 42.310000 200.370000 42.310000 200.370000 0.0 0 
0.000000
 1 219 219 p_village_112 Mallery 2114575 0 0 3 0 0 0 0 0 49.080000 221.830000 49.080000 221.830000 49.080000 221.830000 0.0 0 
0.000000
 1 220 220 p_village_113 Grandview 2114575 0 0 3 0 0 0 0 0 -19.180000 29.800000 -19.180000 29.800000 -19.180000 29.800000 0.0 0 
0.000000
 1 221 221 p_village_114 Timberton 2114575 0 0 3 0 0 0 0 0 3.550000 23.070000 3.550000 23.070000 3.550000 23.070000 0.0 0 
0.000000
 1 222 222 p_village_115 Goldenfield 2114575 0 0 3 0 0 0 0 0 5.880000 39.170000 5.880000 39.170000 5.880000 39.170000 0.0 0 
0.000000
 1 223 223 p_village_116 Crannog_Village 2114575 0 0 3 0 0 0 0 0 -12.830000 45.490000 -12.830000 45.490000 -12.830000 45.490000 0.0 0 
0.000000
 1 224 224 p_village_117 Bolton's_Mill 2114575 0 0 3 0 0 0 0 0 158.760000 155.720000 158.760000 155.720000 158.760000 155.720000 0.0 0 
0.000000
 1 225 225 p_village_118 Glover's_Grove 2114575 0 0 3 0 0 0 0 0 145.620000 157.670000 145.620000 157.670000 145.620000 157.670000 0.0 0 
0.000000
 1 226 226 p_village_119 Umberford 2114575 0 0 3 0 0 0 0 0 142.810000 136.080000 142.810000 136.080000 142.810000 136.080000 0.0 0 
0.000000
 1 227 227 p_village_120 Stony_Shore 2114575 0 0 3 0 0 0 0 0 169.650000 132.680000 169.650000 132.680000 169.650000 132.680000 0.0 0 
0.000000
 1 228 228 p_village_121 Sea_Dragon_Point 2114575 0 0 3 0 0 0 0 0 64.730000 -235.680000 64.730000 -235.680000 64.730000 -235.680000 0.0 0 
0.000000
 1 229 229 p_village_122 Rillwater 2114575 0 0 3 0 0 0 0 0 62.420000 -212.290000 62.420000 -212.290000 62.420000 -212.290000 0.0 0 
0.000000
 1 230 230 p_village_123 Gates_of_the_Moon 2114575 0 0 3 0 0 0 0 0 -88.580000 222.830000 -88.580000 222.830000 -88.580000 222.830000 0.0 0 
0.000000
 1 231 231 p_village_124 Salt_Shore 2114575 0 0 3 0 0 0 0 0 -99.010000 259.620000 -99.010000 259.620000 -99.010000 259.620000 0.0 0 
0.000000
 1 232 232 p_village_125 Stonecrag 2114575 0 0 3 0 0 0 0 0 -31.800000 -253.980000 -31.800000 -253.980000 -31.800000 -253.980000 0.0 0 
0.000000
 1 233 233 p_village_126 SixSeven 2114575 0 0 3 0 0 0 0 0 -48.970000 -263.260000 -48.970000 -263.260000 -48.970000 -263.260000 0.0 0 
0.000000
 1 234 234 p_village_127 Buhalovo 2114575 0 0 3 0 0 0 0 0 -28.620000 -246.920000 -28.620000 -246.920000 -28.620000 -246.920000 0.0 0 
0.000000
 1 235 235 p_village_128 Mertyns 2114575 0 0 3 0 0 0 0 0 -31.300000 -136.670000 -31.300000 -136.670000 -31.300000 -136.670000 0.0 0 
0.000000
 1 236 236 p_village_129 Nightsong 2114575 0 0 3 0 0 0 0 0 -16.840000 -134.870000 -16.840000 -134.870000 -16.840000 -134.870000 0.0 0 
0.000000
 1 237 237 p_village_130 Whispering_Wood 2114575 0 0 3 0 0 0 0 0 -142.310000 -163.330000 -142.310000 -163.330000 -142.310000 -163.330000 0.0 0 
0.000000
 1 238 238 p_village_131 Wolfswood_Edge 2114575 0 0 3 0 0 0 0 0 -119.440000 -185.200000 -119.440000 -185.200000 -119.440000 -185.200000 0.0 0 
0.000000
 1 239 239 p_village_132 Wintertown 2114575 0 0 3 0 0 0 0 0 -104.650000 -168.160000 -104.650000 -168.160000 -104.650000 -168.160000 0.0 0 
0.000000
 1 240 240 p_village_133 Parchments 2114575 0 0 3 0 0 0 0 0 -30.160000 -157.370000 -30.160000 -157.370000 -30.160000 -157.370000 0.0 0 
0.000000
 1 241 241 p_village_134 Oakenshield 2114575 0 0 3 0 0 0 0 0 -177.660000 -214.120000 -177.660000 -214.120000 -177.660000 -214.120000 0.0 0 
0.000000
 1 242 242 p_village_135 Drowned_Village 2114575 0 0 3 0 0 0 0 0 -170.080000 -229.320000 -170.080000 -229.320000 -170.080000 -229.320000 0.0 0 
0.000000
 1 243 243 p_village_136 Kraken'_Teeth 2114575 0 0 3 0 0 0 0 0 -162.850000 -208.170000 -162.850000 -208.170000 -162.850000 -208.170000 0.0 0 
0.000000
 1 244 244 p_village_137 Nagga's_Crag 2114575 0 0 3 0 0 0 0 0 -15.820000 -86.770000 -15.820000 -86.770000 -15.820000 -86.770000 0.0 0 
0.000000
 1 245 245 p_village_138 Grey_King's_Landing 2114575 0 0 3 0 0 0 0 0 -29.800000 -75.120000 -29.800000 -75.120000 -29.800000 -75.120000 0.0 0 
0.000000
 1 246 246 p_village_139 Black_Tide 2114575 0 0 3 0 0 0 0 0 -21.160000 -50.560000 -21.160000 -50.560000 -21.160000 -50.560000 0.0 0 
0.000000
 1 247 247 p_village_140 Stonehouse 2114575 0 0 3 0 0 0 0 0 -165.180000 -77.930000 -165.180000 -77.930000 -165.180000 -77.930000 0.0 0 
0.000000
 1 248 248 p_village_141 Norton 2114575 0 0 3 0 0 0 0 0 -124.930000 -95.770000 -124.930000 -95.770000 -124.930000 -95.770000 0.0 0 
0.000000
 1 249 249 p_village_142 Roycebridge 2114575 0 0 3 0 0 0 0 0 -131.090000 -69.250000 -131.090000 -69.250000 -131.090000 -69.250000 0.0 0 
0.000000
 1 250 250 p_village_143 Iron_Holt 2114575 0 0 3 0 0 0 0 0 -179.080000 -7.270000 -179.080000 -7.270000 -179.080000 -7.270000 0.0 0 
0.000000
 1 251 251 p_village_144 Swyft_Hollow 2114575 0 0 3 0 0 0 0 0 -172.690000 -15.710000 -172.690000 -15.710000 -172.690000 -15.710000 0.0 0 
0.000000
 1 252 252 p_village_145 Long_Lake 2114575 0 0 3 0 0 0 0 0 -154.320000 -12.060000 -154.320000 -12.060000 -154.320000 -12.060000 0.0 0 
0.000000
 1 253 253 p_village_146 Longtable 2114575 0 0 3 0 0 0 0 0 -145.480000 -74.020000 -145.480000 -74.020000 -145.480000 -74.020000 0.0 0 
0.000000
 1 254 254 p_village_147 Brimstone 2114575 0 0 3 0 0 0 0 0 -134.940000 101.340000 -134.940000 101.340000 -134.940000 101.340000 0.0 0 
0.000000
 1 255 255 p_village_148 Stonehaven 2114575 0 0 3 0 0 0 0 0 -125.290000 100.590000 -125.290000 100.590000 -125.290000 100.590000 0.0 0 
0.000000
 1 256 256 p_village_149 Oakridge 2114575 0 0 3 0 0 0 0 0 -122.340000 117.640000 -122.340000 117.640000 -122.340000 117.640000 0.0 0 
0.000000
 1 257 257 p_village_150 Ashford 2114575 0 0 3 0 0 0 0 0 -96.660000 38.900000 -96.660000 38.900000 -96.660000 38.900000 0.0 0 
0.000000
 1 258 258 p_village_151 Ravenmoor 2114575 0 0 3 0 0 0 0 0 -90.250000 47.900000 -90.250000 47.900000 -90.250000 47.900000 0.0 0 
0.000000
 1 259 259 p_village_152 Ironhill 2114575 0 0 3 0 0 0 0 0 -71.010000 37.950000 -71.010000 37.950000 -71.010000 37.950000 0.0 0 
0.000000
 1 260 260 p_village_153 Goldbrook 2114575 0 0 3 0 0 0 0 0 30.640000 145.090000 30.640000 145.090000 30.640000 145.090000 0.0 0 
0.000000
 1 261 261 p_village_154 Westvale 2114575 0 0 3 0 0 0 0 0 16.310000 160.250000 16.310000 160.250000 16.310000 160.250000 0.0 0 
0.000000
 1 262 262 p_village_155 Eastmere 2114575 0 0 3 0 0 0 0 0 10.770000 146.230000 10.770000 146.230000 10.770000 146.230000 0.0 0 
0.000000
 1 263 263 p_village_156 Pinewatch 2114575 0 0 3 0 0 0 0 0 -54.170000 140.010000 -54.170000 140.010000 -54.170000 140.010000 0.0 0 
0.000000
 1 264 264 p_village_157 Deepwood 2114575 0 0 3 0 0 0 0 0 -60.430000 123.820000 -60.430000 123.820000 -60.430000 123.820000 0.0 0 
0.000000
 1 265 265 p_village_158 Brightwater 2114575 0 0 3 0 0 0 0 0 0.100000 194.930000 0.100000 194.930000 0.100000 194.930000 0.0 0 
0.000000
 1 266 266 p_village_159 Mistfield 2114575 0 0 3 0 0 0 0 0 -2.350000 210.400000 -2.350000 210.400000 -2.350000 210.400000 0.0 0 
0.000000
 1 267 267 p_village_160 Wolfden 2114575 0 0 3 0 0 0 0 0 12.900000 185.400000 12.900000 185.400000 12.900000 185.400000 0.0 0 
0.000000
 1 268 268 p_village_161 Redcliff 2114575 0 0 3 0 0 0 0 0 -71.520000 146.400000 -71.520000 146.400000 -71.520000 146.400000 0.0 0 
0.000000
 1 269 269 p_village_162 Highrock 2114575 0 0 3 0 0 0 0 0 143.550000 100.310000 143.550000 100.310000 143.550000 100.310000 0.0 0 
0.000000
 1 270 270 p_village_163 Greenhollow 2114575 0 0 3 0 0 0 0 0 168.620000 98.240000 168.620000 98.240000 168.620000 98.240000 0.0 0 
0.000000
 1 271 271 p_village_164 Blackford 2114575 0 0 3 0 0 0 0 0 145.480000 67.350000 145.480000 67.350000 145.480000 67.350000 0.0 0 
0.000000
 1 272 272 p_village_165 Silverbrook 2114575 0 0 3 0 0 0 0 0 84.990000 45.860000 84.990000 45.860000 84.990000 45.860000 0.0 0 
0.000000
 1 273 273 p_village_166 Thornfield 2114575 0 0 3 0 0 0 0 0 86.460000 58.920000 86.460000 58.920000 86.460000 58.920000 0.0 0 
0.000000
 1 274 274 p_village_167 Fairmeadow 2114575 0 0 3 0 0 0 0 0 96.210000 53.570000 96.210000 53.570000 96.210000 53.570000 0.0 0 
0.000000
 1 275 275 p_village_168 Frostholm 2114575 0 0 3 0 0 0 0 0 61.210000 94.720000 61.210000 94.720000 61.210000 94.720000 0.0 0 
0.000000
 1 276 276 p_village_169 Stormridge 2114575 0 0 3 0 0 0 0 0 63.380000 80.200000 63.380000 80.200000 63.380000 80.200000 0.0 0 
0.000000
 1 277 277 p_village_170 Kingswell 2114575 0 0 3 0 0 0 0 0 76.210000 97.330000 76.210000 97.330000 76.210000 97.330000 0.0 0 
0.000000
 1 278 278 p_village_171 Cedarcross 2114575 0 0 3 0 0 0 0 0 175.760000 -82.480000 175.760000 -82.480000 175.760000 -82.480000 0.0 0 
0.000000
 1 279 279 p_village_172 Rivergate 2114575 0 0 3 0 0 0 0 0 176.340000 -93.430000 176.340000 -93.430000 176.340000 -93.430000 0.0 0 
0.000000
 1 280 280 p_village_173 Ashbrook 2114575 0 0 3 0 0 0 0 0 157.310000 -95.070000 157.310000 -95.070000 157.310000 -95.070000 0.0 0 
0.000000
 1 281 281 p_village_174 Oakridge 2114575 0 0 3 0 0 0 0 0 178.460000 -163.580000 178.460000 -163.580000 178.460000 -163.580000 0.0 0 
0.000000
 1 282 282 p_village_175 Stoneford 2114575 0 0 3 0 0 0 0 0 167.690000 -159.430000 167.690000 -159.430000 167.690000 -159.430000 0.0 0 
0.000000
 1 283 283 p_village_176 Wolfden 2114575 0 0 3 0 0 0 0 0 177.480000 -189.610000 177.480000 -189.610000 177.480000 -189.610000 0.0 0 
0.000000
 1 284 284 p_village_177 Blackmere 2114575 0 0 3 0 0 0 0 0 132.360000 -155.620000 132.360000 -155.620000 132.360000 -155.620000 0.0 0 
0.000000
 1 285 285 p_village_178 Greyhill 2114575 0 0 3 0 0 0 0 0 140.010000 -138.940000 140.010000 -138.940000 140.010000 -138.940000 0.0 0 
0.000000
 1 286 286 p_village_179 Ravenmoor 2114575 0 0 3 0 0 0 0 0 120.110000 -141.320000 120.110000 -141.320000 120.110000 -141.320000 0.0 0 
0.000000
 1 287 287 p_village_180 Thornfield 2114575 0 0 3 0 0 0 0 0 116.840000 -153.250000 116.840000 -153.250000 116.840000 -153.250000 0.0 0 
0.000000
 1 288 288 p_village_181 Redbrook 2114575 0 0 3 0 0 0 0 0 55.580000 -109.960000 55.580000 -109.960000 55.580000 -109.960000 0.0 0 
0.000000
 1 289 289 p_village_182 Greenhollow 2114575 0 0 3 0 0 0 0 0 54.660000 -128.840000 54.660000 -128.840000 54.660000 -128.840000 0.0 0 
0.000000
 1 290 290 p_village_183 Elmwatch 2114575 0 0 3 0 0 0 0 0 179.710000 -29.060000 179.710000 -29.060000 179.710000 -29.060000 0.0 0 
0.000000
 1 291 291 p_village_184 Ironwell 2114575 0 0 3 0 0 0 0 0 161.050000 -28.000000 161.050000 -28.000000 161.050000 -28.000000 0.0 0 
0.000000
 1 292 292 p_village_185 Mistwood 2114575 0 0 3 0 0 0 0 0 148.620000 -10.980000 148.620000 -10.980000 148.620000 -10.980000 0.0 0 
0.000000
 1 293 293 p_village_186 Highmead 2114575 0 0 3 0 0 0 0 0 65.520000 -13.810000 65.520000 -13.810000 65.520000 -13.810000 0.0 0 
0.000000
 1 294 294 p_village_187 Deepford 2114575 0 0 3 0 0 0 0 0 84.070000 -27.880000 84.070000 -27.880000 84.070000 -27.880000 0.0 0 
0.000000
 1 295 295 p_village_188 Kingsbrook 2114575 0 0 3 0 0 0 0 0 43.410000 -11.920000 43.410000 -11.920000 43.410000 -11.920000 0.0 0 
0.000000
 1 296 296 p_village_189 Falconrest 2114575 0 0 3 0 0 0 0 0 86.500000 -51.130000 86.500000 -51.130000 86.500000 -51.130000 0.0 0 
0.000000
 1 297 297 p_village_190 Birchvale 2114575 0 0 3 0 0 0 0 0 -2.330000 75.070000 -2.330000 75.070000 -2.330000 75.070000 0.0 0 
0.000000
 1 298 298 p_village_191 Silverbrook 2114575 0 0 3 0 0 0 0 0 9.490000 103.130000 9.490000 103.130000 9.490000 103.130000 0.0 0 
0.000000
 1 299 299 p_village_192 Westmere 2114575 0 0 3 0 0 0 0 0 18.650000 92.770000 18.650000 92.770000 18.650000 92.770000 0.0 0 
0.000000
 1 300 300 p_village_193 Coldharbor 2114575 0 0 3 0 0 0 0 0 144.960000 -42.200000 144.960000 -42.200000 144.960000 -42.200000 0.0 0 
0.000000
 1 301 301 p_village_194 Quill 2114575 0 0 3 0 0 0 0 0 74.730000 -43.790000 74.730000 -43.790000 74.730000 -43.790000 0.0 0 
0.000000
 1 302 302 p_salt_mine Salt_Mine 2114831 0 0 3 0 0 0 0 0 14.200000 -31.000000 14.200000 -31.000000 14.200000 -31.000000 0.0 0 
0.000000
 1 303 303 p_four_ways_inn Four_Ways_Inn 2114831 0 0 3 0 0 0 0 0 4.800000 -39.600000 4.800000 -39.600000 4.800000 -39.600000 0.0 0 
0.000000
 1 304 304 p_test_scene test_scene 2114831 0 0 3 0 0 0 0 0 10.800000 -19.600000 10.800000 -19.600000 10.800000 -19.600000 0.0 0 
0.000000
 1 305 305 p_battlefields battlefields 2114831 0 0 3 0 0 0 0 0 10.800000 -16.600000 10.800000 -16.600000 10.800000 -16.600000 0.0 0 
0.000000
 1 306 306 p_dhorak_keep Dhorak_Keep 2639116 0 0 3 0 0 0 0 0 -50.000000 -58.000000 -50.000000 -58.000000 -50.000000 -58.000000 0.0 0 
0.000000
 1 307 307 p_training_ground Training_Ground 2114855 0 0 3 0 0 0 0 0 3.000000 -7.000000 3.000000 -7.000000 3.000000 -7.000000 0.0 0 
0.000000
 1 308 308 p_training_ground_1 Training_Field 2118695 0 0 3 0 0 0 0 0 37.400000 102.800000 37.400000 102.800000 37.400000 102.800000 0.0 0 
1.745330
 1 309 309 p_training_ground_2 Training_Field 2118695 0 0 3 0 0 0 0 0 -12.800000 33.000000 -12.800000 33.000000 -12.800000 33.000000 0.0 0 
1.745330
 1 310 310 p_training_ground_3 Training_Field 2118695 0 0 3 0 0 0 0 0 70.500000 72.000000 70.500000 72.000000 70.500000 72.000000 0.0 0 
1.745330
 1 311 311 p_training_ground_4 Training_Field 2118695 0 0 3 0 0 0 0 0 11.500000 -75.200000 11.500000 -75.200000 11.500000 -75.200000 0.0 0 
1.745330
 1 312 312 p_training_ground_5 Training_Field 2118695 0 0 3 0 0 0 0 0 -120.560000 -11.900000 -120.560000 -11.900000 -120.560000 -11.900000 0.0 0 
1.745330
 1 313 313 p_Bridge_1 {!}1 541738 0 0 3 0 0 0 0 0 39.370000 65.100000 39.370000 65.100000 39.370000 65.100000 0.0 0 
-0.781908
 1 314 314 p_Bridge_2 {!}2 541738 0 0 3 0 0 0 0 0 110.000000 -50.580000 110.000000 -50.580000 110.000000 -50.580000 0.0 0 
4.520405
 1 315 315 p_Bridge_3 {!}3 541738 0 0 3 0 0 0 0 0 117.670000 -37.330000 117.670000 -37.330000 117.670000 -37.330000 0.0 0 
0.628319
 1 316 316 p_Bridge_4 {!}4 541738 0 0 3 0 0 0 0 0 37.640000 29.640000 37.640000 29.640000 37.640000 29.640000 0.0 0 
0.837758
 1 317 317 p_Bridge_5 {!}5 541738 0 0 3 0 0 0 0 0 32.600000 -5.400000 32.600000 -5.400000 32.600000 -5.400000 0.0 0 
0.375246
 1 318 318 p_Bridge_6 {!}6 541737 0 0 3 0 0 0 0 0 -14.890000 24.790000 -14.890000 24.790000 -14.890000 24.790000 0.0 0 
6.038842
 1 319 319 p_Bridge_7 {!}7 541737 0 0 3 0 0 0 0 0 67.800000 -37.660000 67.800000 -37.660000 67.800000 -37.660000 0.0 0 
5.654869
 1 320 320 p_Bridge_8 {!}8 541737 0 0 3 0 0 0 0 0 -91.530000 -51.630000 -91.530000 -51.630000 -91.530000 -51.630000 0.0 0 
0.261800
 1 321 321 p_Bridge_9 {!}9 541737 0 0 3 0 0 0 0 0 -64.950000 -9.600000 -64.950000 -9.600000 -64.950000 -9.600000 0.0 0 
-0.589223
 1 322 322 p_Bridge_10 {!}10 541737 0 0 3 0 0 0 0 0 -75.320000 -75.270000 -75.320000 -75.270000 -75.320000 -75.270000 0.0 0 
-0.769167
 1 323 323 p_Bridge_11 {!}11 541736 0 0 3 0 0 0 0 0 74.180000 130.940000 74.180000 130.940000 74.180000 130.940000 0.0 0 
0.383973
 1 324 324 p_Bridge_12 {!}12 541736 0 0 3 0 0 0 0 0 -96.270000 -26.360000 -96.270000 -26.360000 -96.270000 -26.360000 0.0 0 
1.361357
 1 325 325 p_Bridge_13 {!}13 541736 0 0 3 0 0 0 0 0 -84.020000 -7.000000 -84.020000 -7.000000 -84.020000 -7.000000 0.0 0 
-0.308923
 1 326 326 p_Bridge_14 {!}14 541736 0 0 3 0 0 0 0 0 -41.640000 114.320000 -41.640000 114.320000 -41.640000 114.320000 0.0 0 
6.038842
 1 327 327 p_looter_spawn_point {!}looter_sp 1280 0 0 2 0 0 0 0 0 26.000000 77.000000 26.000000 77.000000 26.000000 77.000000 0.0 1 115 15 0 0 
0.000000
 1 328 328 p_steppe_bandit_spawn_point the_steppes 1280 0 0 2 0 0 0 0 0 125.000000 9.000000 125.000000 9.000000 125.000000 9.000000 0.0 1 115 15 0 0 
0.000000
 1 329 329 p_taiga_bandit_spawn_point the_tundra 1280 0 0 2 0 0 0 0 0 78.000000 84.000000 78.000000 84.000000 78.000000 84.000000 0.0 1 115 15 0 0 
0.000000
 1 330 330 p_forest_bandit_spawn_point the_forests 1280 0 0 2 0 0 0 0 0 -35.000000 18.000000 -35.000000 18.000000 -35.000000 18.000000 0.0 1 115 15 0 0 
0.000000
 1 331 331 p_mountain_bandit_spawn_point the_highlands 1280 0 0 2 0 0 0 0 0 -26.530000 -17.860000 -26.530000 -17.860000 -26.530000 -17.860000 0.0 1 115 15 0 0 
0.000000
 1 332 332 p_sea_raider_spawn_point_1 the_coast 1280 0 0 2 0 0 0 0 0 48.500000 110.000000 48.500000 110.000000 48.500000 110.000000 0.0 1 115 15 0 0 
0.000000
 1 333 333 p_sea_raider_spawn_point_2 the_coast 1280 0 0 2 0 0 0 0 0 -42.000000 76.700000 -42.000000 76.700000 -42.000000 76.700000 0.0 1 115 15 0 0 
0.000000
 1 334 334 p_desert_bandit_spawn_point the_desert 1280 0 0 2 0 0 0 0 0 110.000000 -100.000000 110.000000 -100.000000 110.000000 -100.000000 0.0 1 115 15 0 0 
0.000000
 1 335 335 p_spawn_points_end {!}last_spawn_point 1280 0 0 1 0 0 0 0 0 0.000000 0.000000 0.000000 0.000000 0.000000 0.000000 0.0 1 115 15 0 0 
0.000000
 1 336 336 p_reserved_1 {!}last_spawn_point 1280 0 0 1 0 0 0 0 0 0.000000 0.000000 0.000000 0.000000 0.000000 0.000000 0.0 1 115 15 0 0 
0.000000
 1 337 337 p_reserved_2 {!}last_spawn_point 1280 0 0 1 0 0 0 0 0 0.000000 0.000000 0.000000 0.000000 0.000000 0.000000 0.0 1 115 15 0 0 
0.000000
 1 338 338 p_reserved_3 {!}last_spawn_point 1280 0 0 1 0 0 0 0 0 0.000000 0.000000 0.000000 0.000000 0.000000 0.000000 0.0 1 115 15 0 0 
0.000000
 1 339 339 p_reserved_4 {!}last_spawn_point 1280 0 0 1 0 0 0 0 0 0.000000 0.000000 0.000000 0.000000 0.000000 0.000000 0.0 1 115 15 0 0 
0.000000
 1 340 340 p_reserved_5 {!}last_spawn_point 1280 0 0 1 0 0 0 0 0 0.000000 0.000000 0.000000 0.000000 0.000000 0.000000 0.0 1 115 15 0 0 
0.000000
