0
0
0
0
0
0
0
0
0
0
0
0
0
0
0
0
0
0
0
0
0
0
0
0
0
0
0
0
0
0
0
0
0
0
0
0
0
0
0
0
0
0
0
0
0
0
0
0
0
0
0
0
0
0
0
0
0
0
0
0
0
0
0
0
0
0
0
0
0
0
0
0
0
0
0
0
0
0
0
0
0
0
0
0
0
0
0
0
0
0
0
0
0
0
0
0
0
0
0
0
7
1
5
3
2
1
1
1
5
11
6
5
6
5
27
2777
27
444
142
44
60
106
9
1
18
34
12
9
4
2
1
2
1
1
7
241
37
41
1
7
9
71
1
1
2
19
96
11
13
84
10
104
167
5
5
4
5
1
1
37
14
15
27
6
1
1
8
1
13
4
1
4
3
9
4
12
2
5
8
1
3
2
3
3
3
1
1
10
1
5
4
14
3
7
48
1
58
1
17
5
6
1
24
4
4
2
4
1
179
2
2
16
17
10
10
10
5
5
1
25
2
1
10
3
17
1
5
4
4
4
9
3
8
1
2
12
16
6
246
1
0
1
3
1
1
1
1
4
1
5
5
5
5
5
5
34
1
1
3
1
1
1
1
1
1
2
3
4
4
67
16
5
1
1
0
0
2
2
8
2
1
1
1
1
48
4
4
2
1
2
73
439
1
0
0
6
101
94
0
22
20
24
7
3
24
5
0
18
46
3
1
15
8
17
17
3
67
43
6
14
20
33
4
2
3
2
1
66
1
8
1
1
2
2
4
2
1
2
6
6
6
762
12
93
2
13
2
2
3
2
8
2
1
14
2
1
4
7
4
2
2
1
2
1
6
1
1
4
10
4
4
3
8
15
6
4
2
1
12
2
4
4
1
4
3
2
16
4
4
4
4
4
1
8
3
6
1
1
1
5
4
935
1
1
4
1
1
2
12
2
13
22
7
88
3
1053
2
1
4
3
10
1
1
1
1
18
27
17
1
1
29
14
29
10
2
2
9
9
3
8
10
3
6
1
7
1
1
1
1
1
1
2
5
2
2
0
12
1
1
1
1
1
1
1
1
1
5
0
24
2
2
2
2
2
1
0
13
1
1
1
1
1
1
1
0
8
1
1
1
1
1
1
0
11
8
358
9
16
8
2
1
1
20
1
1
2
2
1
1
1
10
13
46
35
8
4
35
10
6
11
2
1
1
9
3
12
10
11
15
14
17
14
14
14
14
12
6
6
9
1
1
1
1
1
1
1
1
2
3
4
1
2
5
3
3
3
3
3
5
5
4
5
3
3
3
3
3
3
3
8
6
9
3
3
3
10
3
3
3
3
3
3
3
3
3
3
3
3
3
11
3
3
3
3
37
6
8
2
3
6
2
6
2
3
2
1
1
3
49
4
6
2
6
2
6
2
6
2
6
2
6
2
6
2
6
2
6
2
3
3
1
1
1
1
7
5
5
4
1
1
1
1
1
39
23
6
3
1
4
1
1
4
4
28
17
13
7
11
7
1
3
2
3
3
3
4
4
6
4
4
4
3
3
1
3
4
3
14
3
3
3
3
3
3
1
2
3
3
2
2
4
1
3
2
2
3
3
2
2
1
3
3
14
8
16
30
3
3
2
2
2
2
2
2
2
3
3
2
2
2
2
2
2
3
3
2
2
2
2
3
3
2
2
2
2
3
3
2
2
2
2
3
3
2
2
23
2
4
3
3
10
2
2
1
7
7
7
7
7
7
7
7
7
36
36
36
36
36
36
36
36
36
2
37
28
7
11
11
11
37
27
7
11
11
11
37
25
7
11
11
11
37
25
7
11
11
11
37
25
7
11
11
11
37
25
7
11
11
11
37
25
7
11
11
11
37
25
7
11
11
11
37
25
7
11
11
11
22
23
23
20
17
15
14
17
2
2
10
6
6
6
6
3
3
3
3
3
3
3
3
3
3
3
3
5
5
6
5
5
4
4
5
21
24
9
7
5
5
5
5
6
9
6
5
3
3
2
2
0
0
2
0
9
4
1
2
15
3
34
14
23
23
3
3
10
7
18
28
26
26
20
8
6
6
6
6
5
24
10
4
4
12
13
11
22
187
44
4
24
2
9
18
0
35
32
2
2
1
9
10
11
10
29
18
5
3
9
2
1
1
1
1
2
5
1
3
1
0
10
2
23
2
2
2
3
3
4
1
3
8
13
2
2
2
18
13
3
3
4
3
1
5
6
3
1
4
6
1
4
2
2
14
1
2
2
2
1
1
4
4
7
38
1
2
29
2
4
1
2
1
1
1
35
13
149
45
2
1
1
2
2
22
9
11
11
8
2
2
2
2
1
16
5
1
6
20
11
1
2
10
10
9
9
8
4
8
10
6
7
3
0
2
1
1
2
1
21
27
9
12
3
3
3
2
3
0
12
5
5
2
2
1
1
2
5
17
16
4
9
11
4
1
2
2
16
10
12
6
7
2
11
11
28
28
27
28
28
27
14
7
14
7
14
7
11
7
14
7
14
15
9
2
9
2
7
9
7
5
8
13
6
5
3
3
1
1
1
1
1
1
1
1
1
1
1
1
1
2
1
1
1
1
4
1
1
1
2
1
0
2
0
18
1
0
25
1
0
6
6
6
6
6
6
8
2
3
15
0
3
6
11
5
7
1
3
25
1
1
1
1
1
1
1
1
0
1
3
6
0
9
6
1
15
5
4
2
10
1
1
0
8
2
2
3
1
3
6
1
5
1
1
4
4
1
0
5
0
0
2
2
188
46
35
24
8
6
9
25
1
62
16
1
1
3
6
4
3
6
30
3
2
38
18
18
16
3
42
69
4
1
0
0
0
66
66
33
8
33
28
24
13
6
3
3
2
2
4
3
3
12
11
9
9
8
1
10
3
3
10
3
8
0
6
4
10
6
12
1
4
3
2
1
7
2
2
0
0
0
0
3
1
1
1213
1471
181
442
147
99
99
33
33
33
134
66
1
85
1
1
1
1
2
2
2
4
2
14
15
7
6
3
8
6
3
3
4
21
2
1
3
17
1
2
7
11
3
5
5
7
7
8
8
11
11
11
11
11
11
3
3
5
1
4
1
4
3
4
3
3
14
15
29
1
5
16
7
2
2
0
0
0
0
0
0
0
0
0
0
0
0
0
0
0
0
0
0
0
0
0
5
2
2
3
167
167
167
167
167
167
68
68
35
95
95
4
1
5
34
34
34
34
1
2
1
